Participant 01	BTask
Start: 2019-03-05 14:40:54.554145
Frame rate: 60.0
Visual stimuli (E5 pixels): 85.0



#	CueI	PrbI	TimI	Frames	Config	Targets	Probe	Onset	ActTime	Resp	RT	Trialtimings
2019-03-05 14:41:00.378659
1153	6	2	4	9	1	T:BJZX	P:Z	3.40268	167.1	R-2	[5933.8]	TT:[3402.7, 3803.4, 4236.5, 4403.6, 4703.8, 4920.4, 5136.6, 6636.7]
1154	6	5	3	6	1	T:LBOK	P:A	6.82119	99.7	R-2	[2053.5]	TT:[184.3, 484.5, 784.1, 883.8, 1183.8, 1383.8, 1583.5, 3083.6]
1155	6	4	5	12	1	T:VEML	P:G	9.90504	200.5	R-2	[2175.5]	TT:[184.3, 484.7, 784.0, 984.5, 1283.5, 1483.6, 1683.7, 3183.8]
1156	6	3	0	1	1	T:ZERG	P:G	13.08852	16.1	R-2	[2018.0]	TT:[183.8, 484.5, 784.3, 800.4, 1100.1, 1301.1, 1500.2, 3000.3]
1157	6	5	2	4	1	T:DARV	P:L	16.08945	66.5	R-2	[2088.8]	TT:[184.3, 483.7, 783.0, 849.5, 1149.8, 1349.6, 1550.8, 3050.8]
1158	6	4	1	2	1	T:TFRG	P:P	19.15652	33.0	R-2	[1917.8]	TT:[200.3, 499.6, 799.8, 832.8, 1133.1, 1333.1, 1532.7, 3032.8]
1159	6	0	5	12	1	T:LRPJ	P:L	22.17286	200.4	R-1	[1967.3]	TT:[183.6, 483.5, 783.0, 983.4, 1282.9, 1483.6, 1682.8, 3182.8]
1160	6	6	3	6	1	T:TSRZ	P:A	25.35665	100.0	R-2	[1990.5]	TT:[184.3, 484.7, 784.0, 884.0, 1184.3, 1384.6, 1584.4, 3084.5]
1161	6	1	2	4	1	T:FOPH	P:O	28.45568	66.7	R-1	[2146.1]	TT:[198.7, 583.1, 915.5, 982.2, 1315.7, 1515.2, 1715.4, 3215.5]
1162	6	6	1	2	1	T:ZLKE	P:F	31.65749	33.1	R-2	[1979.1]	TT:[184.7, 484.6, 784.3, 817.4, 1117.8, 1317.9, 1518.0, 3018.1]
1163	6	0	0	1	1	T:LFAK	P:L	34.69109	17.7	R-2	[1896.9]	TT:[200.0, 499.9, 799.1, 816.8, 1116.6, 1316.7, 1516.7, 3016.7]
1164	6	3	4	9	1	T:AHZK	P:K	37.70806	150.0	R-1	[1973.9]	TT:[200.0, 499.9, 800.1, 950.1, 1250.1, 1450.4, 1649.3, 3149.3]
